1769041719329792
1773647675417607
1773647684030472
1824274426564042
1824542650798092
1832167076390091
1832345875561674
1832975511549962
1833251210196105
1833251215296521
1833251233653897
1833251237330187
1833251241841162
1833325546811914
1833904211876170
1834433902449674
1834795128004299
1834795189115275
1834795250949130
1834795313090699
1834795374158859
1835880409219083
1835880474521993
1835880528038217
1835880593323211
1835880664627018
1836949685638217
1836949689931914
1836949693862155
1836949698693450
1836949703613707
1837316972515338
1837317031041163
1837971857959050
1837971917948233
1838870033844297
1838870035044363
1838870045138953
1839579820790784
1839579880296460
1839579943140499
1839580004957316
1839580068054243
1839580131286282
1839580194141386
1839580254341316
1839580315305024
1839580383079880
1839763806466048
1840301994326660
1840302003710980
1840969554179652
1842839501578571
1843747325410560
1844477765429641
1844477776273929
1844477780451524
1844577767982090
1845565051169801
1845677673993420
1846667142222860
1847189571527691
1847370973597827
1847371033505864
1848003626326092
1848366480931840
1848660115274755
1848660180442243
1849364689056148
1850359798006984
1851173463171143
1851173524507659
1852376440250520
1853737311785034
1854089958920202
1854089980302743
1856270852478087
